GeneID	log2FC	Padj	Entrez_gene_ID
CICLE_v10000026mg	-0.96198402954969	0.0408352907417974	18042740
CICLE_v10000062mg	0.938230044302119	0.0146809009781383	18040165
CICLE_v10000069mg	-1.53775125132245	8.55204037181787e-6	18042686
CICLE_v10000103mg	-0.787687153062561	0.0139989905138546	18042773
CICLE_v10000120mg	1.51135267023309	0.00199271720842133	18040840
CICLE_v10000198mg	1.65008645463128	5.42252276553724e-5	NA
CICLE_v10000217mg	0.842261122253922	0.0227246919150436	18043078
CICLE_v10000220mg	-0.747644875068286	0.033957070554277	18041814
CICLE_v10000235mg	-1.51721711462907	1.73940505940197e-4	18040650
CICLE_v10000254mg	1.02731909954187	0.026014713865164	18042296
CICLE_v10000256mg	1.02368471387126	0.00349075927531994	18041588
CICLE_v10000260mg	1.41810476702611	7.01296592553003e-4	18040789
CICLE_v10000273mg	-1.0375319976731	0.00696883768271136	18040690
CICLE_v10000281mg	0.882207976136037	0.0135673448126095	18042453
CICLE_v10000311mg	-0.883627158702531	0.0211162111031539	18042294
CICLE_v10000316mg	-0.923241628092212	0.0148152417146906	NA
CICLE_v10000323mg	1.15724318898555	0.00397015334869042	18040756
CICLE_v10000331mg	0.743058967861312	0.0427063520026499	NA
CICLE_v10000363mg	-0.874478410562887	0.00693061161633407	18040203
CICLE_v10000395mg	0.983520111155456	0.0163842332724657	18041101
CICLE_v10000407mg	-1.28318073383199	1.64771320495926e-4	18042498
CICLE_v10000412mg	-0.809846705937131	0.0344967007503598	18040295
CICLE_v10000444mg	1.56990258756855	0.012399590330832	18042514
CICLE_v10000464mg	2.63269320232437	0.00265943320016205	18042482
CICLE_v10000465mg	-1.44183794571375	0.00731407296640216	18040360
CICLE_v10000466mg	-1.45744028394165	3.22172469169527e-4	18041239
CICLE_v10000469mg	-0.803186780118748	0.0261208827409041	18041216
CICLE_v10000476mg	-1.10979661935249	0.00721976683429982	18041572
CICLE_v10000484mg	1.58453552101024	5.78339703029085e-5	NA
CICLE_v10000500mg	-1.26542551534185	0.00156514531936683	18043168
CICLE_v10000508mg	1.16696815305193	0.00176398706468821	18042164
CICLE_v10000532mg	-0.85039407556957	0.0214604571152632	18042095
CICLE_v10000576mg	1.26140442582915	0.0019599804220583	18042675
CICLE_v10000591mg	-1.10389532158097	7.20341910412485e-4	18042919
CICLE_v10000602mg	1.21069587818532	0.0258504934143944	NA
CICLE_v10000604mg	-0.902548535958369	0.0143703572003761	18041706
CICLE_v10000611mg	0.831482053348242	0.0337929334026845	18041947
CICLE_v10000613mg	1.28958259450783	0.00728626508455895	18041060
CICLE_v10000627mg	-0.845146174582007	0.0134871228654375	18040860
CICLE_v10000638mg	-1.77482536696193	0.0012934565733365	18042649
CICLE_v10000639mg	-1.56338608291043	0.0360999323895985	18040535
CICLE_v10000653mg	2.01223872151099	2.92414259323143e-5	NA
CICLE_v10000654mg	0.727138642913251	0.0425646398012921	18040837
CICLE_v10000742mg	1.1783214395944	0.00261795339516434	18041356
CICLE_v10000792mg	0.882426276907306	0.0314744732619428	NA
CICLE_v10000821mg	-0.727350959629929	0.0261739829562366	18042726
CICLE_v10000844mg	2.1110737068682	0.00315446753335081	18042868
CICLE_v10000845mg	1.28153791937927	1.05851217871754e-4	18041198
CICLE_v10000846mg	2.25801130733479	0.0011074465930906	18041531
CICLE_v10000848mg	-2.48729503259512	1.46758235728347e-7	18040739
CICLE_v10000852mg	0.869085549594238	0.0275897365206301	18040403
CICLE_v10000885mg	0.880712829746807	0.0358435411423697	NA
CICLE_v10000894mg	0.720667462868175	0.0478063831412047	18043010
CICLE_v10000910mg	-0.785551908836144	0.0451742788434761	18043165
CICLE_v10000918mg	1.49308528398812	0.00436763736812885	18041119
CICLE_v10000924mg	1.4160481657208	0.0188829168363037	18040761
CICLE_v10000926mg	1.36128033043113	0.0410463169387032	18043086
CICLE_v10000944mg	-1.09979143940482	0.0056359598818279	18042735
CICLE_v10000951mg	-1.16852740448672	3.78782221969654e-4	18041274
CICLE_v10000960mg	-1.06059012404114	0.00593972955180403	18040495
CICLE_v10000963mg	-2.03425313576509	0.00193635897492018	18041156
CICLE_v10000967mg	-1.97073730586642	0.00777732991038992	18043046
CICLE_v10001007mg	-0.859059460966146	0.027412831953681	18042430
CICLE_v10001023mg	1.14193779322526	0.018893987204414	18041617
CICLE_v10001047mg	-1.35179764779123	0.00343073874012952	18042667
CICLE_v10001084mg	1.14802477814817	0.00145993027406526	18040411
CICLE_v10001096mg	0.776478491403161	0.0444215872049234	18042799
CICLE_v10001106mg	3.42686624377157	7.45128968576398e-6	18041836
CICLE_v10001122mg	1.16766917425384	0.00331700904087861	NA
CICLE_v10001180mg	0.839885962950445	0.0365831242981615	NA
CICLE_v10001187mg	-1.18775257695618	0.00486504003665734	18040987
CICLE_v10001231mg	-3.67951663479481	1.57418756067107e-20	18040792
CICLE_v10001264mg	-0.798128099868034	0.0387161968459761	18040816
CICLE_v10001275mg	-0.779001710235647	0.0179897220817254	18041107
CICLE_v10001315mg	-0.984496358056189	0.0321252963655659	18042882
CICLE_v10001344mg	-0.673767893381039	0.0358681981457928	18042252
CICLE_v10001386mg	0.868964788851381	0.0202600207889403	18040401
CICLE_v10001388mg	1.19931399034779	0.0261812204159652	18040473
CICLE_v10001398mg	1.6782725382645	0.0179331627427833	18042889
CICLE_v10001399mg	1.79828886036988	5.24662805842759e-7	18042867
CICLE_v10001422mg	-0.797672826747437	0.0351053703482304	18041176
CICLE_v10001479mg	-1.66537033738114	0.00437006311014451	18041291
CICLE_v10001527mg	-0.885353715966054	0.0339592688270699	18042943
CICLE_v10001538mg	1.29619626366734	1.01775319155936e-4	18042519
CICLE_v10001546mg	-1.44861715147535	2.66324188012453e-4	18042235
CICLE_v10001561mg	-0.860415438263201	0.0263831162254994	18041864
CICLE_v10001614mg	-0.843676090866578	0.031434920185116	18041946
CICLE_v10001623mg	1.22824932762282	4.57229398448977e-4	18041638
CICLE_v10001677mg	-0.965455131485635	0.0106910666924549	18041817
CICLE_v10001687mg	2.00668821425539	1.81390108464717e-4	18041832
CICLE_v10001737mg	1.24388659005263	0.0448206223885444	18040884
CICLE_v10001749mg	-1.19602282731917	0.0206425847983007	NA
CICLE_v10001787mg	0.896647806550297	0.0260178762171423	18042010
CICLE_v10001796mg	0.692900467852148	0.0398073171956796	18041272
CICLE_v10001812mg	-1.7972366377419	4.14237616291478e-5	18040693
CICLE_v10001827mg	1.48386873515629	0.00180385581752813	18043109
CICLE_v10001844mg	-0.93248656349194	0.00439989677691856	NA
CICLE_v10001893mg	-1.19209868787293	0.0198737538051264	18043128
CICLE_v10001904mg	-1.96882982550395	1.31048139693463e-6	18041208
CICLE_v10001956mg	1.07526641903162	0.00946908947433725	18042557
CICLE_v10001961mg	0.712376448815106	0.0440228208078328	18042577
CICLE_v10002005mg	-0.951433680534455	0.0494603064232338	18040433
CICLE_v10002007mg	-0.683885405218335	0.0429783764727984	18041973
CICLE_v10002011mg	0.984592813837398	0.0131535491781236	18040700
CICLE_v10002074mg	2.63401905751687	9.23025180340455e-8	18042995
CICLE_v10002089mg	1.07316367076617	0.0177698111907146	18043024
CICLE_v10002125mg	1.50627308101528	0.00713200795896341	18042605
CICLE_v10002311mg	0.718427455823299	0.0492442401225351	18042274
CICLE_v10002346mg	-1.51678152094826	0.0201625830872598	18040485
CICLE_v10002349mg	-1.63964476288588	1.55961518320955e-6	18042192
CICLE_v10002405mg	-6.52438282846947	3.35026646452886e-7	18043082
CICLE_v10002406mg	0.735809305621797	0.0393914374567226	18041028
CICLE_v10002407mg	0.815253028368265	0.0140987155977274	NA
CICLE_v10002431mg	0.807377088632589	0.0467719136900515	18042774
CICLE_v10002486mg	-0.901927278610505	0.0218335044987306	NA
CICLE_v10002567mg	-1.07451050890548	0.00536404992116224	18042196
CICLE_v10002613mg	1.0960491336522	0.032932436622938	NA
CICLE_v10002644mg	-0.768915051279376	0.0488062911068701	18040704
CICLE_v10002649mg	1.36419777016616	6.30867698156012e-4	18041138
CICLE_v10002687mg	-0.835210522116448	0.0486737950742857	18041631
CICLE_v10002696mg	-2.01394974770532	0.0122083401398497	18042203
CICLE_v10002733mg	-1.62897478785664	0.00163921679885783	18041159
CICLE_v10002746mg	1.58587701384288	8.88859597904006e-4	18042003
CICLE_v10002752mg	-1.510276299345	0.00779072489142672	18042242
CICLE_v10002793mg	-1.06832566827861	0.00163393179787755	18041845
CICLE_v10002843mg	-1.1078994431873	0.0012574106409205	18040699
CICLE_v10002919mg	-1.34242435844719	0.00108409516252013	NA
CICLE_v10002934mg	1.6227355436629	0.0389760524449751	NA
CICLE_v10002971mg	-0.919436847841838	0.0245606449538613	NA
CICLE_v10003019mg	1.11684305496928	7.6013962290063e-4	NA
CICLE_v10003027mg	0.736710973370836	0.0366681102836976	NA
CICLE_v10003094mg	1.58892843735221	1.18538151151355e-4	NA
CICLE_v10003175mg	1.0390140366255	0.0255769343967776	18041286
CICLE_v10003249mg	1.05827205712634	0.00534237762831494	NA
CICLE_v10003279mg	1.00795367592573	0.00458636815631429	NA
CICLE_v10003289mg	0.998750706512527	0.00994863434129414	NA
CICLE_v10003293mg	-1.0348813631265	0.0261221536749208	NA
CICLE_v10003317mg	-0.718721594119073	0.0437323204830051	NA
CICLE_v10003334mg	-0.752306893269225	0.0471698279408775	NA
CICLE_v10003524mg	3.22698158925484	4.19130458332866e-13	NA
CICLE_v10003557mg	-1.91646164807401	1.15585532899475e-6	NA
CICLE_v10003568mg	0.81858285304232	0.0493728415164245	18043106
CICLE_v10003574mg	2.78625147022584	1.49761309807887e-10	NA
CICLE_v10003587mg	0.894124628433676	0.0378481264604352	18041879
CICLE_v10003627mg	-0.814554866135753	0.0203120105213084	NA
CICLE_v10003650mg	1.83138301936677	2.05573804561236e-4	NA
CICLE_v10003715mg	1.41210125799402	1.27650662916065e-4	18040510
CICLE_v10003745mg	1.02485701609204	0.032271118153785	NA
CICLE_v10003785mg	1.57852589416224	2.80745646865669e-5	NA
CICLE_v10003840mg	-0.838693706964229	0.0361030426759078	NA
CICLE_v10003932mg	0.857888447999129	0.0448691914171071	18042257
CICLE_v10004023mg	0.712799475806105	0.0474542303332637	NA
CICLE_v10004042mg	1.63015862203283	0.00983336798951768	NA
CICLE_v10004044mg	0.927278165954501	0.00546575068349578	NA
CICLE_v10004056mg	0.760805385092573	0.0221362518518185	NA
CICLE_v10004060mg	1.43392669812403	3.86250702394495e-4	NA
CICLE_v10004095mg	0.850779260647823	0.0318214696863176	NA
CICLE_v10004096mg	1.24800227102529	0.0133616450379386	NA
CICLE_v10004099mg	1.11979185317948	0.0171274645454632	18041342
CICLE_v10004104mg	1.91131436164543	0.0131331596206997	18050359
CICLE_v10004108mg	0.987923387798506	0.0282511231175144	18050354
CICLE_v10004137mg	-1.09299514565231	0.00760244435455299	18032011
CICLE_v10004145mg	-0.862904553345861	0.0297463689831265	18033021
CICLE_v10004154mg	-0.985496250942497	0.0144652414151358	18031746
CICLE_v10004221mg	-1.04030472970219	0.00437855499502446	18032032
CICLE_v10004236mg	-1.01089442380411	0.0156062566491524	18031414
CICLE_v10004242mg	1.23137666566185	0.00114990444841554	18031598
CICLE_v10004255mg	-0.827697175224574	0.0423222026692657	18032910
CICLE_v10004257mg	-2.01389087842468	1.40294103397285e-6	18033492
CICLE_v10004262mg	0.989890519359747	0.00571639891617843	18031855
CICLE_v10004289mg	-1.09222798166625	0.00592878905779838	18031780
CICLE_v10004298mg	-0.787705036464579	0.0481587695877014	18033008
CICLE_v10004310mg	1.69561665845548	8.73071310111636e-4	18032086
CICLE_v10004323mg	0.873384526511625	0.0395507502579499	18031208
CICLE_v10004351mg	-1.09547333460937	0.00451337020274283	18033496
CICLE_v10004358mg	0.914099175485492	0.0377610094828376	18032730
CICLE_v10004372mg	-1.13145997980797	0.00540333273407208	18031328
CICLE_v10004399mg	-2.23738104481917	0.00100080712922768	18033253
CICLE_v10004418mg	2.01343410593793	7.82598669305796e-5	18031827
CICLE_v10004446mg	-0.724069972209206	0.027492549380948	18033375
CICLE_v10004456mg	-1.07832750877937	0.00250438190527693	18033006
CICLE_v10004462mg	-0.913634706197314	0.0218931774114898	18031768
CICLE_v10004465mg	-1.59379662493714	7.61705347254231e-5	NA
CICLE_v10004468mg	-1.36028515078409	4.40399395332333e-4	18031327
CICLE_v10004470mg	-0.800469999529394	0.0133395220903923	18031346
CICLE_v10004484mg	0.714217700332233	0.0306020409387396	18031365
CICLE_v10004518mg	3.33063727511043	8.47400684565111e-18	18033031
CICLE_v10004521mg	-0.851586786189768	0.00881634062832712	18031468
CICLE_v10004554mg	-1.61750622992114	0.00279999701645893	18032367
CICLE_v10004563mg	7.36359573490826	8.35945440302032e-27	NA
CICLE_v10004588mg	0.977997753424242	0.00446143680354453	18033440
CICLE_v10004620mg	-1.76163585127012	1.69136039271847e-7	18032167
CICLE_v10004660mg	-1.27596838288256	0.0264643620814595	18032214
CICLE_v10004689mg	-1.07438065360392	0.00636816633310148	18032416
CICLE_v10004775mg	1.68814736255096	5.52823461724497e-5	18031596
CICLE_v10004777mg	1.13650057386961	0.0053804820730556	18031774
CICLE_v10004812mg	-0.922225997041958	0.0383025642522631	18033245
CICLE_v10004852mg	0.954073208626843	0.00412683176761806	18033506
CICLE_v10004867mg	-1.77217700332499	4.00587803781683e-7	18033042
CICLE_v10004909mg	0.951401067198607	0.00935430047321458	18031218
CICLE_v10005021mg	0.984717005330407	0.00270823173108575	18031836
CICLE_v10005136mg	3.62685451885192	2.24418174360634e-17	18032775
CICLE_v10005172mg	-1.15834831625943	4.3356442494816e-4	18031947
CICLE_v10005195mg	1.06708034072978	0.00116649951968532	NA
CICLE_v10005215mg	-1.35200572003617	4.77996380330009e-4	18031351
CICLE_v10005245mg	-1.46626535708034	7.08218898667638e-4	18033435
CICLE_v10005270mg	-2.97468314436032	2.63795398733791e-11	18033434
CICLE_v10005301mg	-1.69212672835095	4.46165842959079e-5	18031868
CICLE_v10005334mg	1.986506030794	0.00859663658741974	18031552
CICLE_v10005338mg	2.03657085620344	0.00105669058864936	18032913
CICLE_v10005353mg	-1.22519281680669	0.00146984946612495	18031736
CICLE_v10005396mg	0.994134241218357	0.0159296667465559	18032424
CICLE_v10005411mg	0.913577884249033	0.0475508089290853	18032158
CICLE_v10005465mg	7.51308292647715	5.47433985346636e-13	NA
CICLE_v10005517mg	0.950198560534488	0.026300719777935	18032411
CICLE_v10005563mg	-1.37413774685654	9.09064985918745e-5	18031217
CICLE_v10005570mg	0.967128289508552	0.0149554404111528	18031355
CICLE_v10005574mg	1.10388397204198	0.0296176035151939	18033205
CICLE_v10005583mg	0.868129167368292	0.0437751042533839	NA
CICLE_v10005594mg	-1.10660538783826	0.00238635228619044	18031921
CICLE_v10005631mg	-1.11975166506351	0.0140269853576496	18032181
CICLE_v10005701mg	0.772760961158217	0.042689773307819	18033064
CICLE_v10005750mg	1.17699900721118	0.00130797704238354	18031356
CICLE_v10005751mg	-1.45235665471529	6.53568161800481e-4	18031620
CICLE_v10005779mg	1.00283544556636	0.0201175727423679	18032596
CICLE_v10005804mg	-1.61934557649529	2.50463318229568e-4	18032886
CICLE_v10005863mg	1.19991989231232	0.00384251886010817	18031603
CICLE_v10005897mg	-0.906650490717483	0.0477504128573019	18032744
CICLE_v10005899mg	-1.23539481113824	0.0333323042069913	18033293
CICLE_v10005916mg	-1.12654104077368	0.0408364666636604	18033043
CICLE_v10005932mg	-1.1644532900538	0.00241157458629941	18032532
CICLE_v10005981mg	0.766834726154088	0.0378027399041031	18032099
CICLE_v10006013mg	1.02047074267733	0.0174384385945203	18032451
CICLE_v10006032mg	-2.37444911098724	1.63562161106036e-4	18031738
CICLE_v10006041mg	-1.62920015215427	0.00248733021524915	18033174
CICLE_v10006071mg	-0.894392772810751	0.00667357783765807	18032751
CICLE_v10006079mg	-0.823240024694638	0.0364609743389299	NA
CICLE_v10006096mg	0.826582707849177	0.0119615832528433	18033281
CICLE_v10006124mg	1.08617151343294	0.00314707323979953	18032758
CICLE_v10006216mg	-0.847215786902185	0.0108748180159608	18032961
CICLE_v10006285mg	2.79306276208904	0.0037031109310141	NA
CICLE_v10006308mg	-2.20917350849698	3.22709509146251e-7	18032801
CICLE_v10006311mg	-1.04860063031834	0.0180766971078532	NA
CICLE_v10006328mg	0.915049087154318	0.0262285404332477	NA
CICLE_v10006344mg	-0.979523387043358	0.00648978866558796	NA
CICLE_v10006359mg	-2.63566987214468	9.75175079862104e-14	NA
CICLE_v10006372mg	1.30403167754592	0.00796176247621501	NA
CICLE_v10006386mg	-2.70866371246023	5.08010158416481e-14	NA
CICLE_v10006432mg	2.00403924498175	7.13235965845048e-7	NA
CICLE_v10006463mg	-1.23034012338798	0.0254124254683838	18032318
CICLE_v10006678mg	-0.901338127386217	0.029467134076482	NA
CICLE_v10006699mg	-0.929338404807126	0.0224456240614875	18032838
CICLE_v10006791mg	-0.94202574415568	0.0128723594462628	18031682
CICLE_v10006796mg	0.771348893235351	0.0472679770272443	NA
CICLE_v10006797mg	0.988110023049166	0.0108455737224431	NA
CICLE_v10006837mg	-0.903252402884885	0.00557995175582641	NA
CICLE_v10006871mg	2.34956762280236	3.66357478313508e-6	18031297
CICLE_v10006965mg	-0.826194717857919	0.0340870190561087	NA
CICLE_v10007122mg	-3.24287150277426	1.88792140394202e-4	18033548
CICLE_v10007184mg	1.04957728539532	0.0368704754332492	NA
CICLE_v10007241mg	-1.16162113653184	0.033513910405704	NA
CICLE_v10007249mg	-1.64914540572441	2.73592433417873e-5	18055584
CICLE_v10007286mg	-0.920804139340397	0.0334598496802214	18055379
CICLE_v10007289mg	1.87062106344431	0.0215376409499962	NA
CICLE_v10007292mg	-0.748101550934171	0.043371904550376	18055510
CICLE_v10007299mg	-0.736361147494325	0.027564077852982	18055943
CICLE_v10007333mg	1.81726964338789	2.60808537327423e-7	18053856
CICLE_v10007354mg	-1.15110813803554	0.00158733478754185	18053975
CICLE_v10007375mg	0.817434204902484	0.0189324106960529	18054068
CICLE_v10007383mg	1.69016769209763	0.00577162170461538	NA
CICLE_v10007412mg	-1.39052361215428	0.00491657550402876	NA
CICLE_v10007428mg	-0.702790252276287	0.0344331382392758	18054628
CICLE_v10007443mg	1.29690203008755	0.00152544596555971	18053914
CICLE_v10007455mg	-0.704911988812699	0.032905103774282	18054727
CICLE_v10007469mg	0.988216851869145	0.0127481986979197	18054974
CICLE_v10007490mg	1.27617306179081	6.93932930821239e-4	NA
CICLE_v10007502mg	-1.18700050957821	0.00878700409828205	18055834
CICLE_v10007519mg	1.15619939640482	8.74776324450995e-4	18055822
CICLE_v10007532mg	-0.681560527498404	0.0460557859433408	18055926
CICLE_v10007533mg	0.749224527886925	0.0212802020007666	18054310
CICLE_v10007585mg	-1.80668999171248	0.00582818328549009	18055180
CICLE_v10007590mg	0.970438391479361	0.0045893162654451	18055962
CICLE_v10007591mg	-1.98027380503032	2.25860197872101e-6	18054667
CICLE_v10007630mg	2.10760104351474	3.39017114969449e-6	18055805
CICLE_v10007642mg	-0.883670401216277	0.0256648777345976	18054195
CICLE_v10007651mg	-2.80510226675223	0.00201767850806935	NA
CICLE_v10007687mg	2.06368839566332	3.29265768645795e-4	18054202
CICLE_v10007776mg	-0.995145089842801	0.00283726904008789	18055729
CICLE_v10007792mg	-1.62933765937769	8.51517963750692e-6	18055193
CICLE_v10007796mg	1.04319960987366	0.00890829285686175	18055341
CICLE_v10007807mg	1.06012100407649	0.0105344458928565	18054330
CICLE_v10007810mg	1.02278361814696	0.00491334891305205	18055432
CICLE_v10007829mg	1.03453322736217	0.00429759933872245	18053993
CICLE_v10007846mg	-0.75849675472436	0.0284605430339354	18055381
CICLE_v10007857mg	1.96261196798973	0.00392737220328069	18055333
CICLE_v10007886mg	-0.962875795686579	0.0169619595732404	18056149
CICLE_v10007895mg	-1.52813945032225	0.00207607086805099	18054658
CICLE_v10007908mg	-0.858195186055008	0.00900291516299569	18055755
CICLE_v10007942mg	1.25070505695495	0.00219413322580833	18054745
CICLE_v10007991mg	-1.24248336445223	0.0264451655842953	18054395
CICLE_v10007994mg	1.58946736529216	3.65219710292124e-4	NA
CICLE_v10008035mg	-1.49700041434213	2.01934699835839e-4	18055309
CICLE_v10008047mg	2.28821706083682	2.66345245263181e-11	18055116
CICLE_v10008060mg	1.77066852661034	0.00334760757515224	18054620
CICLE_v10008073mg	1.27687480861042	0.0253345564700204	18054888
CICLE_v10008131mg	-1.23717661994617	0.0372311704864778	18055864
CICLE_v10008149mg	-1.38711258543456	8.17038513867079e-4	NA
CICLE_v10008158mg	-0.82084021303523	0.0143090568585368	18055276
CICLE_v10008169mg	2.00812262053135	1.31220308750781e-6	18055331
CICLE_v10008185mg	1.13509138611511	0.00982921157380976	18053891
CICLE_v10008210mg	-0.951351636694413	0.0126876119917981	18054450
CICLE_v10008211mg	-1.06638261203183	0.0117189595242071	18055230
CICLE_v10008225mg	-2.01381348160648	0.00478902437336014	18053741
CICLE_v10008240mg	-1.14275663010072	4.5328224728333e-4	18054682
CICLE_v10008255mg	-1.44579023096331	6.60834217199592e-5	18055221
CICLE_v10008315mg	-1.88362074192186	3.55793375338979e-6	18054258
CICLE_v10008326mg	1.81113144135734	2.2051231544556e-5	18054670
CICLE_v10008343mg	-1.14652166761637	0.0044668309109199	NA
CICLE_v10008390mg	-1.50509597397605	0.00552394709279313	18053998
CICLE_v10008439mg	-1.07702870822034	0.00157199319825246	18055421
CICLE_v10008481mg	-1.43563398030542	0.0485057400213362	NA
CICLE_v10008509mg	-1.67562101446492	3.74887562867352e-5	18054004
CICLE_v10008523mg	1.20970933727956	0.00829755165739455	18055121
CICLE_v10008531mg	-2.6579552846498	1.75586816934987e-4	NA
CICLE_v10008545mg	2.59515445126438	1.30459356093399e-9	18054565
CICLE_v10008617mg	-1.11715636910202	6.52858012827143e-4	18054864
CICLE_v10008649mg	-1.27208256001703	1.73814812488425e-4	18054092
CICLE_v10008662mg	1.03178307079322	0.0356411007833031	NA
CICLE_v10008681mg	-1.29474147899252	0.00192189891266081	18054105
CICLE_v10008687mg	-0.754676278395109	0.0446963167332485	18055557
CICLE_v10008714mg	-1.52653621590615	0.00421299839851949	18055555
CICLE_v10008745mg	1.99441746509806	2.30876453546844e-7	18054377
CICLE_v10008765mg	0.819884292801515	0.0120945426397276	18054693
CICLE_v10008786mg	1.28544186932568	0.0324566634014205	18055982
CICLE_v10008813mg	-0.879624205837031	0.0136240412215555	18053964
CICLE_v10008839mg	-1.11478681592819	0.0157580715748293	18055699
CICLE_v10008930mg	1.40917966193917	4.19737976802352e-4	18053740
CICLE_v10008943mg	-3.33050733743435	8.2961496813283e-5	18055483
CICLE_v10008965mg	0.907311632431544	0.0287415679709027	18056022
CICLE_v10008999mg	-0.997418494803687	0.0237076499574604	NA
CICLE_v10009009mg	-1.24182038301306	0.0370949875405814	18054652
CICLE_v10009028mg	1.18239770500327	0.0415216360950698	18054962
CICLE_v10009083mg	1.45281548507985	5.22172710570298e-4	18054517
CICLE_v10009123mg	-1.65429031562597	0.00492070747057508	NA
CICLE_v10009128mg	-1.20388687183993	0.00147990798172788	18055530
CICLE_v10009186mg	0.913917895065972	0.0486875914798694	18055524
CICLE_v10009189mg	0.98370143471519	0.0126639951122162	18054505
CICLE_v10009202mg	-0.869427875464482	0.0355885765120244	18054672
CICLE_v10009223mg	-1.28762503232518	0.0134680230192729	18053707
CICLE_v10009224mg	-1.33692683661727	0.00413800305409589	18053816
CICLE_v10009272mg	-0.813021927469464	0.0325049697946425	18055740
CICLE_v10009334mg	-1.06710081931589	0.0328181859571782	18054335
CICLE_v10009335mg	-1.09369960804177	0.0254468974203348	18055676
CICLE_v10009394mg	-0.880005156175997	0.0310720732742988	18055818
CICLE_v10009433mg	2.57418176544381	1.11337811675227e-7	18054564
CICLE_v10009489mg	1.03971113707746	0.0147012015836052	NA
CICLE_v10009584mg	0.840345789290073	0.018317570829755	18054582
CICLE_v10009585mg	0.878257202477862	0.0217137312743547	NA
CICLE_v10009622mg	-0.829174018725782	0.0301982508227414	18054245
CICLE_v10009715mg	1.59645532367365	1.59269057631004e-5	18054525
CICLE_v10009720mg	1.23271439210606	0.0273947543958442	18054790
CICLE_v10009783mg	1.48738667564459	1.58651890085615e-4	NA
CICLE_v10009880mg	-0.878545313403852	0.00720337539283161	NA
CICLE_v10009911mg	-0.898029692093656	0.0261491309748693	18054341
CICLE_v10009916mg	-1.05327917356996	0.0130415755831939	18053730
CICLE_v10009955mg	0.896960082659919	0.0209994464118524	NA
CICLE_v10009961mg	-0.843456775120436	0.0420945220101784	NA
CICLE_v10010012mg	1.58075223709651	0.0144922328283019	18054350
CICLE_v10010015mg	-1.48432807498559	0.00954555110746743	18054244
CICLE_v10010027mg	0.769496725162321	0.0214542617201827	18054533
CICLE_v10010030mg	-0.883796558188652	0.039708432084606	18055077
CICLE_v10010050mg	2.26263092618435	5.53416779183684e-10	NA
CICLE_v10010061mg	1.34273677907649	2.67523685023541e-4	NA
CICLE_v10010076mg	0.905239076272179	0.00972950688580869	NA
CICLE_v10010101mg	0.80569392959885	0.0189730062003831	NA
CICLE_v10010103mg	1.70279090322954	6.87627816494235e-6	NA
CICLE_v10010110mg	-1.66479443341418	0.00811786087389875	18054724
CICLE_v10010111mg	-1.18896576143398	0.00125176224316139	NA
CICLE_v10010203mg	1.96816145464106	0.00149339564013163	NA
CICLE_v10010292mg	0.845221898363966	0.0113906231816715	18055127
CICLE_v10010312mg	2.66883426292508	2.44741157253522e-12	NA
CICLE_v10010392mg	-0.828562091647085	0.0395294911501866	NA
CICLE_v10010461mg	2.44558365931673	4.96753843331363e-4	18056023
CICLE_v10010495mg	-1.42345324489663	1.23980513426668e-4	NA
CICLE_v10010514mg	1.32517285736933	6.26556648991861e-5	NA
CICLE_v10010582mg	0.714571751838667	0.0350915676088721	NA
CICLE_v10010673mg	1.01473082093938	0.0021839976255462	NA
CICLE_v10010749mg	-1.84749920974525	0.0181788377559878	18056067
CICLE_v10010771mg	-1.59868264423887	0.0129092801194763	NA
CICLE_v10010835mg	-0.64902050680316	0.042593904749888	18054952
CICLE_v10010901mg	1.58951821568886	4.92569959705948e-5	18037937
CICLE_v10010930mg	0.78126317418273	0.0182474287641954	18039076
CICLE_v10010934mg	-1.93961500245717	5.27993731520714e-6	18038819
CICLE_v10010965mg	-0.995977820237394	0.0320658069967824	18039124
CICLE_v10010966mg	0.717135445075141	0.0271288610452166	18039692
CICLE_v10010999mg	-0.773961553335018	0.0499408899461817	18039500
CICLE_v10011009mg	1.97113261835277	0.00781521592871695	NA
CICLE_v10011055mg	-0.685377932430044	0.0406479178034889	18038029
CICLE_v10011063mg	1.14113257844565	0.00328741147988145	18038088
CICLE_v10011090mg	1.00271184383378	0.00995231410306332	18038528
CICLE_v10011092mg	-1.91520292652226	0.00155791954734479	18038816
CICLE_v10011110mg	-0.749413694825118	0.0215844732014473	18038710
CICLE_v10011143mg	-1.4982648973353	1.66549806882544e-4	18038312
CICLE_v10011153mg	1.17393641807189	0.00109334019345387	18038995
CICLE_v10011164mg	-0.996936651360347	0.00652995183633399	NA
CICLE_v10011184mg	-1.08364424594825	0.0108341348686545	18039643
CICLE_v10011214mg	-0.783411710574561	0.0213737272911139	18038402
CICLE_v10011218mg	1.27028135459914	0.00148663864646297	18038445
CICLE_v10011219mg	0.656803972865412	0.0429028733036519	18039716
CICLE_v10011230mg	-0.854943810676279	0.00837540323972736	18038313
CICLE_v10011258mg	1.03498111169955	0.0100781464027445	18039134
CICLE_v10011271mg	-0.895598154626868	0.0133447608478744	18039733
CICLE_v10011280mg	1.7122463408826	0.0223586906286314	18039167
CICLE_v10011288mg	2.55896902413225	1.52859468100646e-4	18038309
CICLE_v10011291mg	1.16351956834278	0.010034878760744	18039129
CICLE_v10011317mg	1.73311502745459	0.00863357960995563	18038162
CICLE_v10011322mg	0.752910102003557	0.0224156052495019	18038333
CICLE_v10011332mg	0.968200826702957	0.0217843806007051	NA
CICLE_v10011344mg	1.15255532778512	0.00351240377301186	18038505
CICLE_v10011409mg	-1.55494346815209	2.36420487110494e-4	NA
CICLE_v10011440mg	-1.12499726516457	0.0199661402262939	18039852
CICLE_v10011449mg	1.31438268597697	7.84762980688454e-4	18038349
CICLE_v10011473mg	0.923176039833461	0.0322431592059129	18037996
CICLE_v10011474mg	3.52136955068685	9.51214487066201e-6	18038348
CICLE_v10011520mg	-1.86308982334179	0.0258895276173298	18039759
CICLE_v10011529mg	1.12686605454045	0.00329979101959538	18039006
CICLE_v10011533mg	-0.979265939384621	0.0138370087265566	18037897
CICLE_v10011554mg	-3.24513738286381	5.38858061575283e-13	18039807
CICLE_v10011556mg	-1.85766923112457	0.00096001183681854695	18038335
CICLE_v10011587mg	-1.36229419857487	3.74426907294708e-5	18038281
CICLE_v10011614mg	0.98273067912836	0.0125245265206694	18039336
CICLE_v10011647mg	1.38770343862709	3.32717545684488e-4	18037995
CICLE_v10011657mg	-1.55358826379509	0.00135640553112617	18039774
CICLE_v10011669mg	-0.892693442341651	0.0214626780749981	18039280
CICLE_v10011693mg	0.890007251843791	0.0153339441370937	18039035
CICLE_v10011697mg	-1.34226763600631	0.00200584354923295	18039854
CICLE_v10011702mg	0.906215396413344	0.0179352072836128	NA
CICLE_v10011717mg	-1.09274145615795	0.00465527326340795	18038218
CICLE_v10011736mg	-0.909310504989403	0.0201367691398836	18039331
CICLE_v10011741mg	-1.43211878361038	2.8694296119968e-4	NA
CICLE_v10011766mg	1.44053757334708	4.25794290009737e-4	18039174
CICLE_v10011771mg	-0.898773272484628	0.0277730696432835	18039610
CICLE_v10011808mg	0.960952186269532	0.0199528648909572	NA
CICLE_v10011842mg	-0.808509619990933	0.0200045195013192	18039962
CICLE_v10011860mg	0.968266592902991	0.0266529804130107	18039900
CICLE_v10011873mg	-1.18967764589091	0.0200103364684769	18039998
CICLE_v10011910mg	-1.6536074426074	3.80687358203712e-6	18040060
CICLE_v10011912mg	1.37563198524445	0.0391985961145368	18039362
CICLE_v10011937mg	-2.78044054695254	0.00157545345576564	18039691
CICLE_v10011940mg	1.20085198974955	0.0160940811375441	18038944
CICLE_v10011949mg	0.8369578417707	0.0407229929145673	18038227
CICLE_v10012020mg	-1.21799237811541	0.00421752677470457	18038179
CICLE_v10012022mg	-2.92393920385699	6.79768299671491e-14	18039148
CICLE_v10012046mg	-1.21323938029355	0.00336455196547908	18038028
CICLE_v10012060mg	0.967780051459372	0.0139390194101363	18038346
CICLE_v10012062mg	1.77356769218166	0.0012238940705604	18039057
CICLE_v10012089mg	-0.774119067326698	0.0447149404716035	18039232
CICLE_v10012130mg	-2.46034430919791	1.03779400980244e-8	18039968
CICLE_v10012173mg	-1.69701317474396	3.21823972396911e-5	18038747
CICLE_v10012197mg	1.48937271565415	0.0467137629544581	18038672
CICLE_v10012227mg	1.46696651122028	4.52399206935658e-5	18038851
CICLE_v10012263mg	-1.5624258236103	1.83303085892472e-4	18038517
CICLE_v10012286mg	-1.2751167699065	0.0153509545132858	18038648
CICLE_v10012318mg	-2.01884534391451	1.06680488828923e-6	18038869
CICLE_v10012331mg	1.20225794747949	8.44414560033878e-4	18038292
CICLE_v10012332mg	-1.29247950944034	0.0468531915734992	18039568
CICLE_v10012410mg	-1.48367315649578	7.60818331245612e-5	18038239
CICLE_v10012509mg	-1.33478620420869	0.0136296878168936	18039499
CICLE_v10012537mg	0.818158230103964	0.0144925765338752	18038302
CICLE_v10012553mg	-1.28732476714099	0.0213007472033955	18040006
CICLE_v10012601mg	0.828217604044945	0.038289914497254	18039601
CICLE_v10012629mg	1.18650748148524	4.33818848080297e-4	NA
CICLE_v10012654mg	-0.885518653716582	0.0227956551527392	18039091
CICLE_v10012704mg	0.928265958783521	0.0225157380179183	18038057
CICLE_v10012712mg	1.66142770657394	0.0071568220003477	18039488
CICLE_v10012754mg	1.01365915512863	0.00358291928978608	18039389
CICLE_v10012776mg	2.50818596876642	9.4585926205985e-4	18038286
CICLE_v10012792mg	1.09091155387881	0.037712863141596	18039230
CICLE_v10012921mg	-1.12102406960475	0.00134260422160914	18038627
CICLE_v10012928mg	-1.59953501432231	2.27583551870097e-5	18038307
CICLE_v10012929mg	-1.05914425900763	0.00980580938190284	18039461
CICLE_v10012964mg	1.27899055856476	0.00178843318153885	NA
CICLE_v10012981mg	1.04832084162631	0.0119914808260783	NA
CICLE_v10012995mg	-1.04084803113329	0.0029774334747823	18038319
CICLE_v10013033mg	-0.784586256425115	0.0197856540262474	18037947
CICLE_v10013103mg	-1.26422106397976	0.0106770681668009	NA
CICLE_v10013109mg	1.26066883864493	0.0178163757527912	18038049
CICLE_v10013147mg	1.0374679371192	0.00392914212502883	18038475
CICLE_v10013160mg	0.916997957598234	0.0193013024668939	NA
CICLE_v10013188mg	-1.08131052706392	0.0161079123802417	18040108
CICLE_v10013190mg	0.889815579121742	0.0470494471931678	18039524
CICLE_v10013256mg	-1.8131597205396	0.00474367586317755	NA
CICLE_v10013264mg	1.18122927589361	3.39271357393922e-4	NA
CICLE_v10013269mg	0.766614629630048	0.0244512807344208	NA
CICLE_v10013271mg	0.808893278651801	0.033113556410257	NA
CICLE_v10013291mg	-1.32516814879845	1.62721598159472e-4	NA
CICLE_v10013293mg	0.91345801561938	0.0200233001440439	NA
CICLE_v10013348mg	1.22302648359988	0.0144108350776024	NA
CICLE_v10013510mg	0.845902754163319	0.0259183602336384	18037968
CICLE_v10013516mg	1.37209499000815	8.28521229701474e-5	18037956
CICLE_v10013537mg	1.50872808836602	0.00125399879037634	NA
CICLE_v10013587mg	0.725045029333763	0.0328866292928715	NA
CICLE_v10013594mg	1.11073744327375	0.0037202137684481	NA
CICLE_v10013655mg	-1.05032895581731	0.00581892804924607	18038758
CICLE_v10013658mg	-1.15332119010713	0.00582145666069737	NA
CICLE_v10013664mg	2.91184034133236	1.76216129727527e-14	18038024
CICLE_v10013692mg	0.64266005780167	0.0498192372608881	NA
CICLE_v10013834mg	-1.56771682059791	2.43392850074275e-6	NA
CICLE_v10013866mg	-1.6922704500341	9.48154026471059e-5	NA
CICLE_v10013871mg	-0.830832788699342	0.0319264540481503	18038021
CICLE_v10013894mg	1.21265191022067	0.00489359417968711	18038752
CICLE_v10013967mg	1.64542519833879	3.06086922890766e-4	18053626
CICLE_v10014094mg	0.86884395718106	0.0484767718243804	18052511
CICLE_v10014100mg	-0.79221703175537606	0.0385124701741968	18050774
CICLE_v10014111mg	-0.841888336097551	0.0326461073100857	18051767
CICLE_v10014147mg	-1.08781166578024	0.00932708583488094	18050829
CICLE_v10014198mg	-0.77768286570583	0.0185645294309885	18052304
CICLE_v10014199mg	1.24848356110575	0.00164659220312955	18052054
CICLE_v10014208mg	-1.01684293368167	0.00695993254720927	18053200
CICLE_v10014231mg	-0.749692642903894	0.0371215627333916	NA
CICLE_v10014322mg	0.793060534061148	0.0402140524406984	18052256
CICLE_v10014325mg	1.3621304569251	0.0125106787022374	18050859
CICLE_v10014350mg	-0.888790531253805	0.0456388167570922	18052771
CICLE_v10014382mg	1.04861929787627	0.0034049581286026	NA
CICLE_v10014388mg	-0.857984106680399	0.0199635282666821	18052728
CICLE_v10014391mg	-0.974135045701239	0.0262393999197535	NA
CICLE_v10014421mg	-1.01775061288518	0.00243962300897798	18052231
CICLE_v10014447mg	0.829092808306288	0.0288756038119372	18053531
CICLE_v10014470mg	0.777991597825303	0.0182449010581977	18052732
CICLE_v10014491mg	-1.35069879911515	0.00165298529459056	18050526
CICLE_v10014496mg	0.822371718491143	0.0366299827436446	18052709
CICLE_v10014497mg	-0.834600350426335	0.0319065288847941	18052961
CICLE_v10014505mg	1.20493176307982	0.00322874014672528	NA
CICLE_v10014514mg	0.792064542294642	0.0223437888694947	18051595
CICLE_v10014558mg	-2.19855236521565	0.0039199738894602	18050680
CICLE_v10014586mg	-1.08844240824751	0.00155133330169598	NA
CICLE_v10014611mg	-1.23174487599355	0.00126596549183365	18050964
CICLE_v10014684mg	-1.20174595407923	0.0282292937921005	18052996
CICLE_v10014727mg	0.926112279917952	0.0400989326562939	18053414
CICLE_v10014737mg	-1.72772967558509	5.72650372824181e-5	18053563
CICLE_v10014738mg	-1.03670978133014	0.00249667479168557	18051863
CICLE_v10014744mg	-1.20242361906239	0.00205477842770326	18050937
CICLE_v10014748mg	1.34993383321996	8.72932826071689e-4	18051747
CICLE_v10014770mg	-2.5605711968267	7.99644971057766e-11	NA
CICLE_v10014808mg	-1.09545505127387	0.0165065788470196	18050608
CICLE_v10014840mg	-1.00350181175804	0.00648870913189692	18051450
CICLE_v10014858mg	2.01072947219034	9.28828046514026e-7	18053375
CICLE_v10014862mg	1.67324744784327	0.00329136550980089	18053376
CICLE_v10014878mg	0.789927537498385	0.0366400744199893	18052305
CICLE_v10014882mg	-0.93294653283846	0.0144912707558627	18051325
CICLE_v10014888mg	-1.12463966225511	0.00331477192950624	18052688
CICLE_v10014902mg	-1.89273643221538	3.09811648876591e-7	NA
CICLE_v10014930mg	3.06523052411237	5.86531767891223e-9	18051225
CICLE_v10014965mg	-3.00174703464793	5.67498043587537e-5	18052809
CICLE_v10014993mg	0.800071945727029	0.0187245975689904	18051700
CICLE_v10014996mg	-1.06258581613722	0.00581976506019974	18051667
CICLE_v10015017mg	-0.765002732057516	0.041025541440817	18052541
CICLE_v10015031mg	-1.32207592143405	0.0357072383710159	18051711
CICLE_v10015040mg	1.17353656360708	0.00319581232258868	18050611
CICLE_v10015043mg	-1.398102602156	0.0138513274315224	18051843
CICLE_v10015063mg	-1.11855656859231	0.00525096819676205	18051615
CICLE_v10015064mg	-1.29250272604916	0.0340935202182288	18053395
CICLE_v10015110mg	0.829064580612394	0.0395599841518291	18052959
CICLE_v10015120mg	-0.952906986790827	0.0180595035506494	18050862
CICLE_v10015171mg	1.39107947001641	0.0120374305430228	18052907
CICLE_v10015173mg	-0.970949769183554	0.00560530500859138	18050658
CICLE_v10015210mg	2.43833905143166	4.42297411440503e-8	NA
CICLE_v10015231mg	-2.72541100459808	0.00212788791038638	18051242
CICLE_v10015234mg	-1.02000928223963	0.00561589630129667	18050765
CICLE_v10015247mg	-1.92561979193835	8.92936516551988e-6	NA
CICLE_v10015251mg	-1.21139205045738	0.00190697456423495	18050593
CICLE_v10015277mg	-1.44692251204623	1.50339946432785e-4	18053214
CICLE_v10015310mg	1.94725595719836	0.0202265497729149	18052915
CICLE_v10015330mg	-0.849217919689107	0.0452796407842877	18053137
CICLE_v10015335mg	2.3493335942761	8.5981330998625e-8	18051689
CICLE_v10015364mg	-0.973594176502147	0.0152126387326053	18051723
CICLE_v10015385mg	-1.33832932807071	7.33043489642157e-4	18052272
CICLE_v10015386mg	-0.918801572316579	0.00606207072198293	18051954
CICLE_v10015391mg	-0.924621161175917	0.0498085354073874	18051984
CICLE_v10015416mg	-0.666173764521451	0.0449644333694741	18051614
CICLE_v10015451mg	1.26700856180845	0.00161346029829594	18052560
CICLE_v10015465mg	-2.02827027700736	2.92045577250154e-7	NA
CICLE_v10015476mg	-0.818265582480636	0.0103285617738918	18051549
CICLE_v10015483mg	-0.861934516711227	0.0332928362085007	18050640
CICLE_v10015490mg	-0.825575614178788	0.0233637022130343	18050546
CICLE_v10015520mg	-1.03109044023435	0.0372504618662369	18053130
CICLE_v10015542mg	0.85203990601076	0.0337056118900062	NA
CICLE_v10015553mg	-0.834231439096001	0.0492417682520891	NA
CICLE_v10015570mg	-1.08811873610619	0.00404198555424423	18050499
CICLE_v10015585mg	-0.858113532362098	0.00928421472781015	18050981
CICLE_v10015602mg	-0.896592483492598	0.0117778184777378	18050711
CICLE_v10015622mg	-1.63560702922497	1.69849429119069e-6	18051090
CICLE_v10015661mg	-0.875831650963378	0.0108137430114313	18052399
CICLE_v10015713mg	5.7649804597161	2.00648094548493e-4	18050857
CICLE_v10015727mg	1.81534147820804	2.09482554332762e-7	18052481
CICLE_v10015754mg	-0.82001716906189	0.037808046933747	18051766
CICLE_v10015814mg	1.69370693024787	7.36062153508597e-7	18050873
CICLE_v10015832mg	-1.35349112104123	9.60223671171653e-4	18051180
CICLE_v10015870mg	-0.834835082235974	0.0148787658099016	18050743
CICLE_v10015871mg	-0.776205158508547	0.0244218012836712	18051522
CICLE_v10015874mg	-2.07380733519397	4.80858721626685e-7	18050687
CICLE_v10015879mg	-1.72162548990057	0.0180229377960808	18053439
CICLE_v10015924mg	1.31150508470365	0.0328038608749276	18050450
CICLE_v10015942mg	0.976646183836881	0.0206371317729699	18051319
CICLE_v10015974mg	-1.30433752289896	0.00218148326251099	18051233
CICLE_v10015977mg	-1.15546317216488	0.0108620014386464	18052960
CICLE_v10016008mg	1.2346341872992	0.00195374757386007	18052455
CICLE_v10016013mg	2.18460690151403	1.20531675883873e-4	18051172
CICLE_v10016018mg	4.26257385853077	2.52767087225758e-5	18051040
CICLE_v10016102mg	-2.60377826442314	1.40928961582642e-4	18052247
CICLE_v10016103mg	-0.965160040092016	0.00490573515962084	18050408
CICLE_v10016123mg	-2.05604448352668	0.0188905714813934	18051551
CICLE_v10016221mg	1.21353449173808	0.00262329974589703	18053606
CICLE_v10016256mg	1.61432540335773	0.00345737501203534	18052433
CICLE_v10016274mg	1.25573776745405	0.0230823658525375	18050922
CICLE_v10016350mg	-1.97476490510757	1.87954007084106e-6	NA
CICLE_v10016401mg	-0.639687447267426	0.0475403548952204	18051155
CICLE_v10016456mg	-1.66293682271483	5.85886092317074e-4	18052250
CICLE_v10016465mg	0.786326582758076	0.0470699395519717	NA
CICLE_v10016472mg	1.05214814398259	0.0148571847002974	18052803
CICLE_v10016510mg	-1.54272731349485	1.33923990354547e-4	18053173
CICLE_v10016529mg	-1.06778827129012	0.0250504733667984	18051605
CICLE_v10016555mg	-1.59149963845305	8.42552960354988e-4	18050901
CICLE_v10016569mg	-1.30409975424616	0.0105686026874423	18050932
CICLE_v10016613mg	-0.819891540826061	0.0124208768284627	18051892
CICLE_v10016719mg	-1.75416525407983	0.00256853255795543	NA
CICLE_v10016804mg	1.31792164781264	7.33845243769505e-4	18053128
CICLE_v10016829mg	-1.04054187126295	0.00640842155201001	18051367
CICLE_v10016873mg	1.07170149734866	0.00228480128067739	18051254
CICLE_v10016890mg	-0.733843652062469	0.0244951232276012	18052741
CICLE_v10016896mg	-1.04534407076505	0.0161495908990992	18051179
CICLE_v10016908mg	-0.817451827459947	0.0497066106407128	18051022
CICLE_v10016942mg	-1.36350314816238	0.00395054603095329	18053306
CICLE_v10016980mg	-0.907145007315908	0.0184453318312299	18051557
CICLE_v10017113mg	1.95870198667551	1.19683232003356e-6	18051968
CICLE_v10017240mg	1.72100039408634	9.26796654788112e-5	18051869
CICLE_v10017247mg	-1.10638834218639	0.0385839014878628	18052329
CICLE_v10017369mg	0.827133910831464	0.0121105908236236	NA
CICLE_v10017373mg	2.25654971142934	5.67856765531672e-11	NA
CICLE_v10017376mg	2.03739892064734	1.95141896691519e-8	NA
CICLE_v10017414mg	0.768654093328548	0.0273247966212617	NA
CICLE_v10017417mg	-0.751659701965724	0.0329104203979434	NA
CICLE_v10017437mg	0.705266518388321	0.0414897808109068	NA
CICLE_v10017439mg	2.02597718929787	5.23317375461357e-7	18051340
CICLE_v10017445mg	1.83554503426048	6.0492801290309e-4	NA
CICLE_v10017556mg	-2.63390404276543	3.44068705046636e-9	NA
CICLE_v10017561mg	-1.30499037428999	0.0135143003694276	NA
CICLE_v10017743mg	1.20497259331245	0.00280523063181791	18053039
CICLE_v10017813mg	1.2768360201937	0.00192393448340001	NA
CICLE_v10017987mg	0.938127062457972	0.0284769034300394	NA
CICLE_v10018452mg	-0.917514557137379	0.00913796785426913	18047013
CICLE_v10018469mg	-0.898264657903043	0.0456719946640013	18046735
CICLE_v10018477mg	-0.740949358873711	0.0417888009982073	18047578
CICLE_v10018488mg	-0.979073116414901	0.0159728458499082	18046082
CICLE_v10018527mg	-0.950133126308358	0.0212517798102923	18046329
CICLE_v10018531mg	-1.33806195693655	0.0332777745608593	18048769
CICLE_v10018536mg	-0.94036671299838	0.0139659740790241	18048422
CICLE_v10018556mg	0.784969094545775	0.0394295006514067	18046495
CICLE_v10018828mg	1.57049635079846	0.0229213145382925	NA
CICLE_v10018829mg	-1.5284690392358	0.00378798670722491	18048598
CICLE_v10018859mg	0.821483139366636	0.0230576194260495	18046764
CICLE_v10018880mg	0.952553957272765	0.025704260987063	18046225
CICLE_v10018889mg	-0.849423342299295	0.0258008421208187	18047697
CICLE_v10018919mg	-1.21134899365129	0.00247571336223999	18048327
CICLE_v10018943mg	-0.787344636264477	0.0331722102114024	18047694
CICLE_v10018956mg	1.0649570655479	0.00811714466293689	18048651
CICLE_v10018964mg	-3.05367337076516	6.76876737282713e-17	18047565
CICLE_v10018972mg	1.26869964127943	7.81509800796272e-4	18046821
CICLE_v10018990mg	1.55584560221385	7.43340019659599e-5	18045968
CICLE_v10018994mg	-1.2121292301568	0.00216582979882534	NA
CICLE_v10018996mg	-1.36247363235653	0.0011984761752047	NA
CICLE_v10019026mg	-1.181436878945	0.0119018649710117	18047709
CICLE_v10019048mg	0.934230643002182	0.0325664513223922	18048567
CICLE_v10019094mg	-0.995339689970305	0.00718154585450637	NA
CICLE_v10019132mg	0.985429067734669	0.0306299029216719	18047706
CICLE_v10019152mg	0.765091564668827	0.0355563943308427	18049154
CICLE_v10019160mg	-1.05701885876396	0.00713640705212135	18049797
CICLE_v10019177mg	2.45223189155422	5.45175711997579e-9	18050232
CICLE_v10019184mg	0.647982608864366	0.0469563948118656	18047468
CICLE_v10019189mg	-0.824984587033931	0.030833710980059	18046904
CICLE_v10019196mg	-0.92880138776902	0.0231781644063913	18047109
CICLE_v10019203mg	-1.14882510822122	0.0130988485737959	18050189
CICLE_v10019256mg	0.844606598993915	0.0368024256827863	18047642
CICLE_v10019301mg	1.70378341912	0.00648563218742347	18048123
CICLE_v10019319mg	1.43117161620746	9.45445745191641e-5	18047776
CICLE_v10019325mg	1.18498441481679	0.0225488513637923	18049613
CICLE_v10019329mg	1.03128144457379	0.00891334185281649	18045941
CICLE_v10019362mg	-0.931412203865032	0.00400680120030477	18047478
CICLE_v10019365mg	0.857431080546517	0.0097269888728341	NA
CICLE_v10019376mg	-0.830142255299493	0.0105403571482162	18047568
CICLE_v10019437mg	-1.10889137597133	0.0117591570631002	18050160
CICLE_v10019480mg	1.07215224484681	0.00213941992441145	18047575
CICLE_v10019511mg	-1.46184629204974	1.89858909259524e-5	NA
CICLE_v10019512mg	-0.9674003567218	0.00373613214799325	18047043
CICLE_v10019562mg	-0.89374594932595	0.0222878895405389	18045924
CICLE_v10019581mg	-0.880468040102608	0.0233204425251248	18046990
CICLE_v10019585mg	-1.12435758451674	0.00438339999629958	18046569
CICLE_v10019613mg	1.4181442226595	4.05956977493446e-5	18048256
CICLE_v10019638mg	-0.728836454235849	0.0310610776241667	18046088
CICLE_v10019671mg	0.979709691147876	0.0107361508425421	18046887
CICLE_v10019686mg	0.762443121847315	0.0469349260878339	18047690
CICLE_v10019694mg	-0.85310965765349	0.0279163477907577	18048149
CICLE_v10019706mg	0.797926580995126	0.0486820875605248	18049178
CICLE_v10019744mg	-1.54328872515858	0.0222202376481413	NA
CICLE_v10019790mg	-0.768883136516144	0.0426568484267103	18048379
CICLE_v10019808mg	-1.2941457390781	0.00178097779293837	18045997
CICLE_v10019819mg	-1.27741309008926	0.00315038177713622	18045813
CICLE_v10019860mg	0.822748153370435	0.035439203774628	18048206
CICLE_v10019870mg	-1.70652529678241	0.00922280803762307	NA
CICLE_v10019897mg	2.57022016931067	0.00155297511487376	18045835
CICLE_v10019913mg	-0.972405849573896	0.0032389955752258	18046630
CICLE_v10019915mg	-1.38616866842947	0.0076178756075534	18047058
CICLE_v10019927mg	-1.17053448211247	5.67093803258863e-4	18049826
CICLE_v10019946mg	0.955409725024539	0.00346282683053976	18046937
CICLE_v10019961mg	-4.1711426872904	6.57915234660907e-4	18049181
CICLE_v10019998mg	-1.14017754404101	0.00545617966917655	18047317
CICLE_v10019999mg	0.775341078223077	0.0182979469124301	18049840
CICLE_v10020004mg	-1.01239612253463	0.0442592824443278	18047371
CICLE_v10020016mg	-0.770619783086191	0.0251388868312874	NA
CICLE_v10020053mg	-0.748099532645658	0.0365343776351593	18047823
CICLE_v10020064mg	1.56431450021823	0.03817443899112	18049886
CICLE_v10020116mg	-2.43287219211948	6.31755354471402e-12	NA
CICLE_v10020130mg	-1.73894771943906	2.7913706781461e-5	18050298
CICLE_v10020134mg	-0.707612183209323	0.0327067335666376	18048303
CICLE_v10020156mg	-1.1576191454981	0.0060073583081961	NA
CICLE_v10020224mg	-0.72479872366629	0.0393130846707316	18047353
CICLE_v10020241mg	1.03234801367392	0.00387602917816557	18050108
CICLE_v10020245mg	0.720214441551774	0.0399028158291382	NA
CICLE_v10020275mg	-2.03574122450511	0.00114250270343518	18048118
CICLE_v10020312mg	-1.4309033480353	0.00203517991155035	NA
CICLE_v10020315mg	-0.786218184226486	0.0187966115714374	18048414
CICLE_v10020440mg	-1.18889885206188	3.0665785199825e-4	18046216
CICLE_v10020494mg	-0.998106729334196	0.0128670656660848	18048166
CICLE_v10020495mg	1.1207816854944	0.0226021692979943	18049688
CICLE_v10020502mg	-1.23728225526106	0.0159142844509652	18047900
CICLE_v10020503mg	-1.37490920805141	2.49774800629759e-4	18048164
CICLE_v10020539mg	1.37240698728326	0.038799472997953	18048340
CICLE_v10020581mg	-0.68248981347241	0.0369083158836982	18050228
CICLE_v10020737mg	-1.40258846794847	2.20022013207936e-5	18046068
CICLE_v10020744mg	-1.08469927320041	0.0355652061804964	18049825
CICLE_v10020762mg	0.689494280660177	0.0346317416737389	18048634
CICLE_v10020782mg	1.63096709378797	0.0011626526160336	18049232
CICLE_v10020804mg	-1.82846039646734	0.0117219523983004	18047921
CICLE_v10020845mg	-1.25025302805856	0.00107875655719861	18049909
CICLE_v10020852mg	2.05797823515767	0.00332094022067984	18049081
CICLE_v10020968mg	0.773733381165906	0.0465613611547334	18049253
CICLE_v10020980mg	-0.889287195941409	0.028002504137301	18049391
CICLE_v10021072mg	-1.05004069224188	0.0152797982804187	18046425
CICLE_v10021100mg	-1.41946287418888	0.0256227978111977	18048376
CICLE_v10021114mg	-1.34824004621251	9.75793395238828e-4	18048850
CICLE_v10021137mg	-1.11703306306003	0.011735201157962	18047873
CICLE_v10021147mg	0.834552263170108	0.0184614414015352	18049662
CICLE_v10021230mg	-1.08739203479727	0.00510595610856726	NA
CICLE_v10021343mg	0.945212433227249	0.00786776451322397	18048595
CICLE_v10021362mg	0.777283379493159	0.0446729073505619	18047324
CICLE_v10021401mg	1.01176327994025	0.0332570274002421	NA
CICLE_v10021471mg	1.63192420023753	0.0183792180109658	18049465
CICLE_v10021489mg	1.22921226540609	0.013727072329735	18048170
CICLE_v10021550mg	-0.975099863051929	0.018102110321224	18050147
CICLE_v10021551mg	-0.942618259784135	0.014984227857414	18047012
CICLE_v10021564mg	-0.904350526425593	0.0316037749495913	18050053
CICLE_v10021647mg	-1.70561383003212	1.90276670249486e-5	18049158
CICLE_v10021677mg	0.983313099774033	0.0139596907164155	18048746
CICLE_v10021685mg	1.04410955047692	0.0128411917997491	18049950
CICLE_v10021724mg	-1.07090080591735	0.00451048322479763	18049208
CICLE_v10021795mg	-1.46091301635162	0.00704032066299722	18046340
CICLE_v10021848mg	-1.87074215247835	3.72386971754684e-4	18048328
CICLE_v10021877mg	-0.877081038100623	0.019575297861128	18047053
CICLE_v10021884mg	-2.40129431135805	2.54641181228121e-5	18048704
CICLE_v10021946mg	1.46934813126652	3.90870802977178e-4	18045915
CICLE_v10022006mg	1.15063728733778	0.00939908562275967	18046628
CICLE_v10022033mg	1.06643359042509	0.0473416774509424	18047922
CICLE_v10022120mg	-1.83043275051827	0.00478456729102023	18049003
CICLE_v10022173mg	-1.28021373864653	0.00237413771256776	18046932
CICLE_v10022406mg	-1.36295681811225	0.012190514424359	18047792
CICLE_v10022419mg	-0.886912659521991	0.0480310762939085	18047523
CICLE_v10022521mg	-0.897480159284931	0.0102530793951219	18049852
CICLE_v10022542mg	1.53684624799144	6.99271411265479e-6	18050084
CICLE_v10022616mg	-0.981709064256097	0.0219142106131594	18046224
CICLE_v10022624mg	-1.17786165223743	0.00491186089042238	18047657
CICLE_v10022734mg	0.860549018753393	0.0323037978415192	18047942
CICLE_v10022892mg	-1.08106140514127	0.0182043192314696	18046801
CICLE_v10022906mg	-1.00616275807774	0.00244071088480603	18046254
CICLE_v10023024mg	0.948627320391861	0.0267307665726936	NA
CICLE_v10023027mg	1.01301105207788	0.00219729911264437	NA
CICLE_v10023029mg	-0.770573748748512	0.0476928608672319	NA
CICLE_v10023065mg	1.27169850292961	5.24009032061798e-4	NA
CICLE_v10023080mg	0.83895207333085	0.0124640595843552	NA
CICLE_v10023092mg	0.947975747812129	0.0180125626766869	NA
CICLE_v10023104mg	-1.91826727198836	1.42422542257841e-7	NA
CICLE_v10023138mg	1.79537274743232	1.01619120692722e-5	NA
CICLE_v10023147mg	-0.804536422693353	0.0275846943812814	NA
CICLE_v10023148mg	0.820691881220505	0.0332905102874294	NA
CICLE_v10023168mg	1.46879883435259	3.72315312217236e-5	NA
CICLE_v10023201mg	0.868966073902855	0.00957592264586212	NA
CICLE_v10023232mg	1.25663333341411	0.010500461363019	NA
CICLE_v10023276mg	1.10833317402369	0.0220285283457251	NA
CICLE_v10023337mg	1.89929727801377	2.25856876975152e-4	NA
CICLE_v10023370mg	0.796098525121557	0.045931178448395	18046157
CICLE_v10023383mg	0.901698429262137	0.0241195428989832	NA
CICLE_v10023490mg	-1.95756765171532	1.77133071505158e-4	NA
CICLE_v10023499mg	-1.49120422554262	0.00126735937664007	18048513
CICLE_v10023517mg	1.4480333236958	3.02281704296917e-4	18045917
CICLE_v10023575mg	1.93514315295585	0.0107732249262949	NA
CICLE_v10023683mg	1.87866822263521	0.00485320224136286	NA
CICLE_v10023690mg	-1.7862602374573	0.0210203173182812	NA
CICLE_v10023782mg	0.71841137260311	0.0436048561790605	NA
CICLE_v10023836mg	-1.23819551350806	0.00278287609459759	NA
CICLE_v10023863mg	-0.642527761406181	0.0475342570590136	NA
CICLE_v10023878mg	0.697852904076417	0.0466411229590758	18046696
CICLE_v10023902mg	-0.938652019713602	0.00460492197562015	NA
CICLE_v10023945mg	1.10740653793253	0.00423467671546869	NA
CICLE_v10024006mg	-1.08260415100953	0.00882950516757685	18049911
CICLE_v10024146mg	0.824459170933186	0.0406059567178026	18050247
CICLE_v10024256mg	1.11427723127107	0.00184611547892924	18046248
CICLE_v10024310mg	-1.25689830452127	1.26648520284678e-4	NA
CICLE_v10024329mg	1.13700032266335	0.0467173460560537	18049282
CICLE_v10024345mg	-0.850300127928551	0.0245103934116648	NA
CICLE_v10024548mg	0.991885345537764	0.0115734602746439	18048334
CICLE_v10024650mg	-0.708895145610833	0.0458256312153449	NA
CICLE_v10024709mg	-1.12899686484581	0.0432884363575014	18036098
CICLE_v10024711mg	0.756234635280632	0.0223709296104449	NA
CICLE_v10024728mg	-0.684591203238913	0.048366621294018	18037356
CICLE_v10024737mg	-1.26668708852704	0.00166342369081647	18035850
CICLE_v10024786mg	-1.00804745091624	0.0098279584875686	18035954
CICLE_v10024790mg	1.10212475035308	0.0150090142401791	18037677
CICLE_v10024825mg	2.48369758679628	4.86519269542985e-8	18037814
CICLE_v10024830mg	1.53820779237382	7.32612474259687e-5	18037486
CICLE_v10024853mg	1.26004538945196	0.00441174200702167	NA
CICLE_v10024867mg	-0.788673952360625	0.0438086571121065	18037220
CICLE_v10024875mg	0.767150200121448	0.0331554521486214	18037755
CICLE_v10024886mg	-2.13385963050954	0.00709916435825391	18037093
CICLE_v10024897mg	-0.667853293276943	0.0453560275539431	18037198
CICLE_v10024917mg	0.757477046925029	0.0429084121929371	18037761
CICLE_v10024924mg	-0.888354450510898	0.0249202917557295	18036849
CICLE_v10024930mg	1.39603658129511	0.0366016213197567	NA
CICLE_v10024940mg	-1.59740453443648	2.57034806308292e-6	18037791
CICLE_v10024949mg	0.97114937892171	0.0286396483925262	NA
CICLE_v10024989mg	1.07856239313395	0.043925661077699	18036320
CICLE_v10025027mg	0.714128830740673	0.0370000012005814	18036854
CICLE_v10025085mg	-1.21951713360969	2.23683141438573e-4	18036318
CICLE_v10025096mg	1.5817386551389	3.02433801549266e-4	18036662
CICLE_v10025125mg	-1.14045707608666	5.67202786942917e-4	18035991
CICLE_v10025157mg	1.54240699341024	0.0038831637678237	NA
CICLE_v10025160mg	0.880474138708525	0.0398605326541664	18035853
CICLE_v10025168mg	1.21789179794968	2.14090517278985e-4	18037630
CICLE_v10025174mg	-0.953055096617984	0.0125402580652334	18037189
CICLE_v10025204mg	-2.83610296493635	8.44018485366498e-15	NA
CICLE_v10025208mg	1.09948217083487	0.0104637977306612	18035864
CICLE_v10025227mg	1.05114057028503	0.00137808593980273	18036259
CICLE_v10025238mg	1.37344652703959	0.00186629189213025	18036209
CICLE_v10025330mg	2.27461240135966	6.61371264676888e-8	18035761
CICLE_v10025370mg	0.865852131206656	0.0266343858676409	18035820
CICLE_v10025372mg	-0.72730542071053494	0.0452280189795268	18036914
CICLE_v10025373mg	-1.7232348102284	0.0310253727244679	18035728
CICLE_v10025378mg	0.956768800295455	0.0137920105844952	18037053
CICLE_v10025382mg	1.13084657741779	0.00280520599967772	18036838
CICLE_v10025391mg	1.26346988765422	1.29484206055257e-4	18036422
CICLE_v10025396mg	4.21231822607374	8.28249863662387e-28	18036416
CICLE_v10025400mg	-4.72561029246493	9.28200609667805e-23	18035848
CICLE_v10025415mg	-1.15269460806105	0.0030080488469483	18037571
CICLE_v10025418mg	1.12894853926822	0.00385300730667862	18036122
CICLE_v10025448mg	-1.28292150702589	0.0164506634608242	18036987
CICLE_v10025455mg	-1.89755690186204	8.46537411712567e-5	18037635
CICLE_v10025462mg	1.41490922453787	9.51906101125555e-4	18037076
CICLE_v10025490mg	1.57405652320818	5.8354957888666e-5	NA
CICLE_v10025511mg	-1.09336454823957	0.00482623167129011	18037671
CICLE_v10025514mg	-1.28631511997661	0.0464229593340782	18037425
CICLE_v10025544mg	-1.0825423495076	0.00711438921900661	18036749
CICLE_v10025549mg	1.03191270895605	0.0053842611380158	18036260
CICLE_v10025613mg	-0.976853402789716	0.0363570033384642	NA
CICLE_v10025622mg	0.811128641551692	0.0428832138025198	18037722
CICLE_v10025657mg	1.00445590567039	0.0482338864220398	18037071
CICLE_v10025677mg	0.835044736713907	0.0474692684779996	18037631
CICLE_v10025693mg	-0.839643191511391	0.032799117851257	NA
CICLE_v10025712mg	0.836777247874882	0.0181408723704042	18037050
CICLE_v10025755mg	-0.796959170335343	0.0248704454367243	18037213
CICLE_v10025788mg	-0.842581656588273	0.0391200674306999	18036052
CICLE_v10025838mg	1.24903051797303	0.00463766005267679	18037073
CICLE_v10025866mg	-0.772652142015151	0.0409230526476602	18037526
CICLE_v10025915mg	0.83836526532549	0.0342178663385355	18037253
CICLE_v10025926mg	1.0605259862416	0.014543640365138	NA
CICLE_v10025928mg	1.63988684312464	4.45103547321008e-4	18036591
CICLE_v10025951mg	1.16348267941847	0.00356069643848567	18037676
CICLE_v10026079mg	-1.27655036383051	9.14099287354645e-4	18036758
CICLE_v10026147mg	-1.09023989575783	0.031445324586242	18036221
CICLE_v10026210mg	-2.0467360295344	1.12989195410982e-8	18037502
CICLE_v10026218mg	1.09522676734787	0.0191163895872318	18036953
CICLE_v10026222mg	1.9157520600699	6.62420581457913e-5	18036608
CICLE_v10026347mg	-3.45969494163083	2.75015522208212e-11	18037507
CICLE_v10026421mg	2.10173151578822	1.68939708419371e-6	18036872
CICLE_v10026547mg	-1.35044354109065	6.28061954248308e-4	18037010
CICLE_v10026606mg	1.1021001997456	0.0155239759749405	18036326
CICLE_v10026618mg	1.2998736881019	0.0142070500520039	18037580
CICLE_v10026659mg	-1.17015998392457	0.0128195823574332	18037820
CICLE_v10026666mg	-0.967249970878571	0.0164885546174419	18036437
CICLE_v10026687mg	-1.08771737577675	0.0103640486165037	18036471
CICLE_v10026735mg	0.955026983859571	0.00827455561412892	18036620
CICLE_v10026808mg	3.54070929554272	1.17803831278814e-10	NA
CICLE_v10026838mg	1.31329052402461	1.22633062614921e-4	NA
CICLE_v10026901mg	1.17748311772623	0.00278573579207475	NA
CICLE_v10026979mg	-0.819167531380191	0.0330911158641145	NA
CICLE_v10027122mg	1.96721888795741	0.00392731139264218	18037210
CICLE_v10027309mg	-0.82892735534663	0.0410274206758257	18036439
CICLE_v10027356mg	0.77480493256752	0.0232513285914515	NA
CICLE_v10027414mg	-1.46415815423429	0.0435640376721449	18037305
CICLE_v10027584mg	1.32248940532954	9.15619194261571e-5	NA
CICLE_v10027598mg	1.08208767059666	0.00359243236289057	18037404
CICLE_v10027619mg	-1.76196959410937	0.00521962621453509	18035746
CICLE_v10027665mg	-0.84623663789779	0.0167528008690298	18034131
CICLE_v10027689mg	-1.25207754011894	0.00579868170337996	18035094
CICLE_v10027708mg	3.43172831069497	1.28002333903666e-13	18034254
CICLE_v10027711mg	1.6950731439395	4.36364841377443e-5	18034651
CICLE_v10027745mg	-1.02915856450419	0.00202858150057595	18033732
CICLE_v10027758mg	-0.853312632195554	0.0114310894075521	NA
CICLE_v10027797mg	-1.66376166049567	0.00592582439067909	18033828
CICLE_v10027815mg	0.918167114583262	0.012729174352129	18034209
CICLE_v10027851mg	-0.777444254149859	0.0477311494709363	18034571
CICLE_v10027873mg	-1.03630305007243	0.00248805028704812	18034135
CICLE_v10027908mg	-1.12369189099995	5.66690013029236e-4	18035039
CICLE_v10027934mg	0.889392532169977	0.0376781678872218	18035251
CICLE_v10027954mg	1.50041811299471	1.84592250857268e-4	18034796
CICLE_v10027956mg	-1.01202329118989	0.00643120260520872	18034060
CICLE_v10027981mg	-0.886392374692454	0.0138704709571525	18033661
CICLE_v10027988mg	1.10080447092544	0.00486881864847923	NA
CICLE_v10028057mg	-1.14845486622262	0.00246861253457104	18033685
CICLE_v10028062mg	-0.770233392536071	0.0481290154118306	18035253
CICLE_v10028078mg	-1.60795953982628	7.81173829705378e-5	18034523
CICLE_v10028081mg	-1.08250366549654	0.00700630587641225	NA
CICLE_v10028094mg	0.774739139614229	0.0485102924943113	NA
CICLE_v10028101mg	-1.98891868636894	5.39192588136519e-7	18033833
CICLE_v10028116mg	-1.15904600226246	0.0461504062172123	NA
CICLE_v10028136mg	-0.893786963876612	0.00627955081486466	NA
CICLE_v10028141mg	1.83245284482436	7.32325440276743e-6	18034639
CICLE_v10028186mg	-1.34050604825292	7.5810188674161e-5	18034778
CICLE_v10028195mg	1.42088309493377	3.08466608612723e-4	18035119
CICLE_v10028203mg	1.37652869430309	0.0243697141068564	18033993
CICLE_v10028226mg	-1.08715632207178	0.0253248021663111	18035558
CICLE_v10028228mg	-1.09568498034279	0.0153612988154061	18035309
CICLE_v10028231mg	0.992347778236466	0.0107407253938312	18034364
CICLE_v10028234mg	1.18224845987139	0.0291274809188805	18035249
CICLE_v10028239mg	-0.882866966675419	0.0137269554334913	18035355
CICLE_v10028247mg	1.08114571793416	0.0052238753873752	18035399
CICLE_v10028255mg	1.28071880051353	0.00634121996680225	18033721
CICLE_v10028300mg	1.38935792928538	0.0422748225093419	NA
CICLE_v10028312mg	2.15050920911078	8.00070590576041e-7	18034981
CICLE_v10028326mg	1.08057298282328	0.0193791710806799	18033815
CICLE_v10028349mg	0.869053739186464	0.00728296571181395	18034015
CICLE_v10028358mg	-1.21430762490454	0.00133348693733862	18035137
CICLE_v10028375mg	2.26754249012786	0.00452425767723314	18035014
CICLE_v10028389mg	2.26921332887801	6.40305943657274e-6	18033789
CICLE_v10028392mg	-1.50568352068268	5.89755663952443e-4	18035314
CICLE_v10028397mg	-0.96613439325427	0.0164259123828962	18033800
CICLE_v10028420mg	1.07152657289381	0.0344455537942559	18035531
CICLE_v10028422mg	3.27152385210844	2.44057970771725e-9	18035085
CICLE_v10028435mg	-0.719891764015806	0.0489160793893504	18033660
CICLE_v10028454mg	-0.839060450343134	0.03772466555405	18034725
CICLE_v10028468mg	-1.28904557661309	0.00172110015320774	18034352
CICLE_v10028516mg	-1.38524830149133	0.00988826404327704	18034715
CICLE_v10028546mg	-1.13190526919043	0.00511013736871594	18034273
CICLE_v10028594mg	-0.93414887534395	0.0204514619427758	18034756
CICLE_v10028625mg	-0.996156637604455	0.00793744383913672	18033639
CICLE_v10028628mg	-0.861364702077906	0.0158264904054609	18034485
CICLE_v10028637mg	1.78792914008016	0.00354079099446905	18034912
CICLE_v10028642mg	-0.858222108431434	0.0276022361496608	18033923
CICLE_v10028646mg	0.88254772451591	0.0085122299931866	18034507
CICLE_v10028651mg	-1.15710225129057	0.00521945497155667	18035333
CICLE_v10028652mg	-1.0071911471266	0.0333751790057247	18035342
CICLE_v10028688mg	2.24800002106312	2.15720921809207e-4	18034884
CICLE_v10028691mg	1.00366291086597	0.0286284859210671	18033919
CICLE_v10028730mg	-1.02170303443335	0.00966434857163322	18034657
CICLE_v10028740mg	2.01392760762351	0.00517144635471231	18034983
CICLE_v10028745mg	1.24942665038975	6.19226091356933e-4	18034239
CICLE_v10028746mg	0.975644559790778	0.00863078454770329	18034940
CICLE_v10028755mg	1.45125757630181	0.0103146120005867	18035316
CICLE_v10028769mg	1.41039263317191	0.00367664422951074	18034358
CICLE_v10028770mg	0.863520210104432	0.0182788807843771	18035442
CICLE_v10028863mg	-1.73166632503998	0.0376983933056847	18035520
CICLE_v10028879mg	-1.84737484827328	4.83906164087031e-5	18034261
CICLE_v10028910mg	1.36649036376682	0.0140646674907955	18035275
CICLE_v10028932mg	-0.787450169249646	0.0160751129758165	18035136
CICLE_v10028959mg	1.33684775557241	0.0121214587035084	18034655
CICLE_v10028975mg	-1.88819571338443	2.72305064680677e-5	18035633
CICLE_v10029003mg	-1.15307462259777	0.00401247324850325	18034159
CICLE_v10029043mg	-0.757810377451393	0.0478689470288531	18035198
CICLE_v10029235mg	-1.13897087913227	0.0148466538515593	18034687
CICLE_v10029284mg	-1.59598018057863	6.7236165862929e-5	18033594
CICLE_v10029307mg	1.59575939503328	7.3411653200385e-5	18034409
CICLE_v10029351mg	-1.26000131160605	0.0029242469072144	18034151
CICLE_v10029386mg	1.1726220526991	0.00780339804717826	18033883
CICLE_v10029419mg	1.68200091532427	0.0222945069448778	18035598
CICLE_v10029427mg	0.782695681029941	0.0480565389004287	NA
CICLE_v10029428mg	-0.992210362706509	0.0300444188876823	18034805
CICLE_v10029456mg	-0.792254162570297	0.015185851293358	18033879
CICLE_v10029484mg	-1.61269669108011	0.00828619763315852	18035051
CICLE_v10029502mg	-0.941643339961614	0.0267434971976432	18035648
CICLE_v10029528mg	2.09645953150724	1.91248218128215e-7	18034308
CICLE_v10029657mg	-2.26851786236695	0.00775599336980708	18034214
CICLE_v10029709mg	1.13860437652447	0.0102131569984048	NA
CICLE_v10029740mg	1.71147702191294	2.22993069720516e-5	NA
CICLE_v10029746mg	0.965231194314599	0.00341003681781483	NA
CICLE_v10029756mg	1.80320881536582	2.43909742814589e-4	NA
CICLE_v10029758mg	1.10264836062494	9.17340167332608e-4	NA
CICLE_v10029774mg	-2.29866904922889	1.0675176317229e-6	NA
CICLE_v10029811mg	1.33461373313829	4.12567464073233e-4	NA
CICLE_v10030045mg	1.62690534623112	0.0023507631733232	18035124
CICLE_v10030109mg	-1.55148738612402	0.00496323243710929	18034736
CICLE_v10030134mg	1.03839999809704	0.0365853299494126	18033779
CICLE_v10030149mg	-1.02876893062849	0.0174864971570671	18035233
CICLE_v10030158mg	1.43912062693569	1.83319193418993e-4	NA
CICLE_v10030235mg	1.53204100254154	9.86495226944293e-5	NA
CICLE_v10030238mg	1.00316763645895	0.010015047575435	NA
CICLE_v10030276mg	1.26091367172788	0.00127393787459087	18033905
CICLE_v10030334mg	2.14200890101335	0.00857134513704712	NA
CICLE_v10030362mg	0.83434113406669	0.0338717934132626	18035241
CICLE_v10030364mg	0.896538007494444	0.0233796992037047	NA
CICLE_v10030402mg	0.91531395028102	0.0139836556618117	18035263
CICLE_v10030412mg	-1.67376073063838	0.0327314577721997	NA
CICLE_v10030499mg	0.821504632514866	0.017977538446327702	18045080
CICLE_v10030504mg	1.15769447285934	4.91271004756637e-4	18044764
CICLE_v10030536mg	2.04152433662465	0.012118465558801	NA
CICLE_v10030551mg	0.806773931452957	0.0358950319645147	18043713
CICLE_v10030552mg	-0.740793429904519	0.0337691012457565	NA
CICLE_v10030606mg	1.63554843114506	9.50667428317145e-7	18045229
CICLE_v10030616mg	-1.09723668225623	0.00627229963467788	18045185
CICLE_v10030627mg	-1.12957721747087	0.0130105830510686	18044344
CICLE_v10030628mg	-0.915353650725921	0.0267765361929527	18044348
CICLE_v10030633mg	1.88318096589625	7.68506458903342e-6	18045030
CICLE_v10030689mg	-0.727733050198539	0.026161338232483	18043401
CICLE_v10030691mg	-0.946041933074943	0.0488915389548908	18044411
CICLE_v10030712mg	-0.771148256993669	0.0479702151175118	18044654
CICLE_v10030737mg	-0.860373080596404	0.0485556989810963	18044670
CICLE_v10030744mg	-0.836974394598489	0.0118268966373872	18045605
CICLE_v10030749mg	-0.859075181990995	0.0398748745715175	18045583
CICLE_v10030755mg	-0.868266454867554	0.0269566044824323	18044245
CICLE_v10030778mg	-0.96938176080415706	0.0130706865052937	18043728
CICLE_v10030800mg	0.772580872874278	0.044925049566152	18045233
CICLE_v10030811mg	-1.50932356374738	2.40767109567353e-4	18043342
CICLE_v10030878mg	-1.61109010488396	2.88653460659664e-5	18044612
CICLE_v10030942mg	1.00627942364014	0.00830746044234583	NA
CICLE_v10030988mg	1.38731901494321	5.55246266786727e-5	18044288
CICLE_v10031014mg	-0.913111923371375	0.017343302957249	18043784
CICLE_v10031026mg	1.37974961202271	0.00546564940647199	NA
CICLE_v10031034mg	-2.48499839567323	2.38430656682417e-4	18045391
CICLE_v10031053mg	2.27824369416719	2.04177712748515e-5	18044040
CICLE_v10031060mg	-1.31018701237654	0.00120665682668837	18044407
CICLE_v10031076mg	-0.974772059334954	0.0286450924538943	18045074
CICLE_v10031078mg	-1.1390184869561	0.0156648282099944	18044945
CICLE_v10031084mg	-1.13842112986584	0.0250025374500653	18043725
CICLE_v10031092mg	0.900083459949171	0.00784777706189034	18043326
CICLE_v10031093mg	0.973647228845297	0.028399345515168	18043314
CICLE_v10031120mg	-1.79583658818281	0.0019596516824055	18044846
CICLE_v10031126mg	1.19328640059148	0.00377295513870704	NA
CICLE_v10031145mg	1.37492771302893	4.49529121632346e-4	18043840
CICLE_v10031158mg	0.735490868248798	0.0488945291079028	18044585
CICLE_v10031165mg	-2.92002554609882	4.11404087353955e-14	NA
CICLE_v10031193mg	1.0688112173212	0.015023135094556	18044582
CICLE_v10031210mg	0.653524999383824	0.049318540261622	18045063
CICLE_v10031215mg	-0.996744477536085	0.0130743610292721	18044013
CICLE_v10031217mg	-0.826866385988223	0.041058196162452	18045386
CICLE_v10031241mg	1.75405323952982	1.61578392027231e-4	18045562
CICLE_v10031268mg	0.892346186080915	0.0131115506753851	18044580
CICLE_v10031274mg	0.850963841816932	0.0266017245476986	18045584
CICLE_v10031327mg	2.12313385819871	1.88872834039993e-5	18043732
CICLE_v10031337mg	1.34363568260275	0.004738869722126	18044292
CICLE_v10031381mg	-0.806929743804093	0.0250028402572701	18045691
CICLE_v10031409mg	0.99282813305828	0.00482929274381407	18044706
CICLE_v10031420mg	1.21817159261004	0.00220527110973849	NA
CICLE_v10031458mg	-0.769608475383448	0.0462803893436019	18043550
CICLE_v10031467mg	-0.875479494436882	0.0228176395431443	18043489
CICLE_v10031483mg	-0.964307642437052	0.0411026165618825	18043799
CICLE_v10031490mg	1.20706497737681	0.00149377298716877	18043319
CICLE_v10031498mg	2.71439890545927	1.65373037653366e-10	18045654
CICLE_v10031530mg	-0.956387028551866	0.0377709539143308	18043269
CICLE_v10031576mg	-1.03814340913196	0.00403295990249291	18044077
CICLE_v10031584mg	-1.52759290405535	0.0373108240760866	18043832
CICLE_v10031639mg	1.21298839916621	0.00209794314351215	18045236
CICLE_v10031642mg	1.22080434622449	0.0193087090491548	NA
CICLE_v10031703mg	-0.907998040905281	0.0179118239664932	NA
CICLE_v10031748mg	-1.21723537466052	0.00153612254435723	18043805
CICLE_v10031760mg	-1.19334538197379	0.00254284017237531	NA
CICLE_v10031761mg	-1.2976309706201	0.0079092513892858	18043694
CICLE_v10031802mg	-1.535655786983	5.37902820449484e-4	18043848
CICLE_v10031885mg	1.27324806771809	0.00243413482802324	18043741
CICLE_v10031889mg	1.05998570334439	0.0248059442199602	18044019
CICLE_v10031937mg	-1.09707965789402	0.0218122834867563	18043514
CICLE_v10031989mg	-1.22154935404743	2.30639608982379e-4	18044308
CICLE_v10032054mg	0.83042565832375	0.0326505153419079	18043861
CICLE_v10032149mg	1.31708678527529	5.96069452832072e-4	18043961
CICLE_v10032154mg	1.25457807303049	0.00424025577173179	18045101
CICLE_v10032181mg	-1.8111903339946	0.0146296682622485	NA
CICLE_v10032182mg	1.3285126096350801	5.44918984523632e-4	18045102
CICLE_v10032244mg	-2.38648377224262	0.00398662997542108	18045100
CICLE_v10032259mg	1.01569108192517	0.00854272884512106	18043209
CICLE_v10032343mg	-1.38608812394715	0.00602244004514434	18045716
CICLE_v10032351mg	0.837800468488193	0.0327071426839013	18043975
CICLE_v10032356mg	1.58923885072422	3.19948037913238e-4	18045471
CICLE_v10032366mg	1.09018298600809	0.0130002011038457	18045112
CICLE_v10032372mg	-1.76890434089608	0.00487189230880729	18044870
CICLE_v10032381mg	1.40820027704006	6.77909618626159e-4	18044611
CICLE_v10032517mg	-0.89600691647623	0.0163766581203506	18044137
CICLE_v10032548mg	2.02112726071033	0.0102766712545498	18045202
CICLE_v10032613mg	1.4029179773978	2.00214936104786e-4	18043893
CICLE_v10032648mg	-1.12208203393232	0.028722451644872	18043592
CICLE_v10032716mg	-0.836233968475291	0.037037907243938	18044446
CICLE_v10032846mg	1.22909666442203	0.00183008969081053	18044490
CICLE_v10032901mg	1.34740530440926	0.018934485738453	18045294
CICLE_v10032946mg	-0.86208934395682	0.0356273356523658	NA
CICLE_v10032949mg	1.66659929326142	0.0264925777220729	18043868
CICLE_v10032986mg	0.903816540936827	0.0362626796158698	18045163
CICLE_v10033013mg	0.858861234720285	0.0321356655977702	18045483
CICLE_v10033020mg	0.809519527643152	0.0298068803559492	18043503
CICLE_v10033070mg	1.08421979348682	0.0389958870552129	18044074
CICLE_v10033073mg	3.18037983284488	4.45644141941559e-6	18044403
CICLE_v10033140mg	-1.52876402265703	2.06424552199713e-5	18043770
CICLE_v10033190mg	0.877677959650173	0.0263248918887624	NA
CICLE_v10033211mg	0.798008495982358	0.0291249180192663	NA
CICLE_v10033229mg	1.27968170095937	4.27194699532184e-4	NA
CICLE_v10033249mg	-0.892488998075026	0.0212272375289929	NA
CICLE_v10033254mg	2.36740501785587	8.34728904824205e-4	NA
CICLE_v10033259mg	0.916148083943466	0.0103989904634981	NA
CICLE_v10033268mg	-2.11830446021518	4.45976511504336e-4	18043873
CICLE_v10033287mg	-1.22802678778777	0.004613834884799	NA
CICLE_v10033380mg	1.62855868722874	6.67477909124192e-5	18043635
CICLE_v10033410mg	1.13992766628252	0.0138579926278557	18045061
CICLE_v10033422mg	1.22094523201886	0.0240684808822518	NA
CICLE_v10033431mg	1.65899545332539	0.0028957544348344	18045177
CICLE_v10033442mg	1.40937419873806	6.62450211920003e-4	NA
CICLE_v10033469mg	-1.75455310122515	0.0101831544812578	NA
CICLE_v10033519mg	-1.7943826922493	0.0139288191721283	18045139
CICLE_v10033558mg	1.26014549658438	0.00174113878312185	NA
CICLE_v10033700mg	1.36962892683563	0.0103480131457816	NA
CICLE_v10033739mg	0.896479171068411	0.0197730733188972	NA
CICLE_v10033747mg	0.705923418456004	0.0475778149902086	18043974
CICLE_v10033899mg	-1.0630578093315	0.00133470601673859	NA
CICLE_v10033987mg	0.92207470348077	0.00525891901828642	NA
